%YAML:1.0
---
K: !!opencv-matrix
   rows: 3
   cols: 3
   dt: d
   data: [ 1.1955819287053312e+03, 0., 3.0926063209115273e+02, 0.,
       1.1951746029455167e+03, 2.7470212376097408e+02, 0., 0., 1. ]
D: !!opencv-matrix
   rows: 1
   cols: 5
   dt: d
   data: [ -3.2171421167638530e-03, 4.4636728124167321e-03,
       2.6955872350157949e-04, -1.4243433105667560e-04,
       -1.9868734648598222e-03 ]
